# Scene precison and perplexity along time
0.50,18.13
0.59,15.05
0.64,13.52
0.66,12.56
0.67,11.10
0.68,10.50
0.68,10.47
0.68,10.74
0.71,11.18
0.72,11.43
0.72,11.43
0.82,10.08
0.81,9.72
0.81,10.06
0.79,10.85
0.73,11.34
0.72,10.39
0.69,9.77
0.69,9.83
0.68,9.97
0.66,10.11
0.65,10.95
0.62,11.55
0.61,11.44
0.62,11.32
0.62,13.81
0.49,14.86
0.46,12.84
0.47,12.37
0.47,11.82
0.46,11.25
0.51,14.34
0.46,20.79
0.42,22.35
0.42,22.21
0.42,22.41
0.42,21.70
0.43,20.37
0.46,20.72
0.48,20.80
0.49,20.67
0.51,20.51
0.56,16.30
0.55,9.77
0.54,9.76
0.52,9.85
0.49,10.12
0.46,11.67
0.47,15.10
0.41,22.08
0.35,24.35
0.32,24.30
0.31,22.96
0.32,21.58
0.41,18.61
0.50,16.41
0.53,17.55
0.52,17.95
0.54,17.22
0.56,15.99
0.33,32.29
0.26,33.12
0.25,34.42
0.25,34.80
0.24,34.05
0.24,33.37
0.24,32.88
0.25,33.65
0.25,33.99
0.25,34.00
0.26,34.23
0.30,33.99
0.30,33.65
0.31,33.81
0.44,28.68
0.49,25.99
0.49,26.35
0.59,19.52
0.62,12.52
0.64,12.27
0.65,12.09
0.67,12.01
0.69,11.88
0.71,12.30
0.67,14.08
0.62,15.66
0.68,12.12
0.67,11.85
0.69,12.76
0.80,12.38
0.80,11.99
0.86,11.07
0.87,11.39
0.85,11.79
0.82,11.40
0.81,11.02
0.82,10.52
0.79,10.03
0.70,9.46
0.65,9.18
0.64,9.02
0.62,8.89
0.59,8.66
0.57,8.45
0.55,8.40
0.54,8.39
0.54,8.41
0.53,8.42
0.54,8.42
0.54,8.31
0.54,8.32
0.55,8.32
0.55,8.29
0.56,8.31
0.59,8.34
0.62,8.31
0.63,8.23
0.65,8.16
0.67,8.09
0.67,8.05
0.67,8.01
0.67,7.99
0.69,7.97
0.70,7.79
0.69,7.73
0.68,7.74
0.67,7.78
0.66,7.82
0.66,7.88
0.67,10.51
0.65,13.59
0.60,17.64
0.47,24.50
0.44,25.97
0.42,26.48
0.39,27.65
0.35,28.86
0.32,29.75
0.30,30.55
0.34,30.30
0.41,30.11
0.53,27.44
0.79,14.67
0.77,14.74
0.77,14.28
0.77,24.04
0.70,27.93
0.70,27.75
0.70,27.57
0.76,25.03
0.79,21.33
0.79,20.06
0.78,19.57
0.80,19.11
0.77,19.64
0.79,16.32
0.68,16.89
0.58,18.56
0.50,19.65
0.42,24.29
0.35,28.94
0.29,33.18
0.25,35.85
0.23,37.50
0.22,39.10
0.21,40.29
0.21,41.39
0.20,42.35
0.20,41.64
0.21,40.71
0.21,39.54
0.22,39.77
0.22,40.02
0.23,40.26
0.23,38.91
0.23,37.02
0.23,33.93
0.23,30.60
0.23,30.65
0.23,30.78
0.23,30.88
0.24,28.27
0.25,24.65
0.25,20.40
0.26,19.89
0.27,19.96
0.29,19.68
0.30,18.73
0.31,20.12
0.35,22.38
0.38,23.93
0.39,24.38
0.42,24.73
0.49,23.89
0.50,20.12
0.50,20.41
0.51,20.72
0.49,24.39
0.36,26.29
0.34,24.52
0.30,24.82
0.29,24.58
0.29,24.41
0.30,23.90
0.30,23.37
0.30,23.33
0.31,23.27
0.35,22.70
0.50,19.44
0.58,13.59
0.60,12.92
0.63,12.31
0.65,12.12
0.68,10.97
0.70,9.93
0.70,9.90
0.70,9.87
0.75,10.82
0.78,11.50
0.82,11.39
0.82,11.28
0.82,11.41
0.80,11.48
0.75,11.49
0.73,11.64
0.74,11.56
0.75,11.75
0.74,11.32
0.69,11.58
0.66,11.92
0.63,11.81
0.65,11.95
0.68,12.16
0.76,12.07
0.83,11.65
0.86,11.36
0.86,10.68
0.86,10.32
0.82,9.49
0.75,10.13
0.69,11.79
0.68,12.64
0.68,12.94
0.69,13.18
0.70,13.52
0.70,13.89
0.70,14.68
0.53,22.18
0.37,24.98
0.34,25.44
0.31,23.27
0.31,23.33
0.31,24.59
0.32,25.05
0.32,25.01
0.34,27.24
0.36,29.66
0.38,31.20
0.41,32.36
0.41,32.31
0.41,32.07
0.42,30.95
0.41,29.14
0.39,27.23
0.37,26.71
0.37,23.38
0.39,16.12
0.39,17.42
0.40,17.59
0.40,17.87
0.40,18.25
0.40,18.17
0.42,18.28
0.45,18.34
0.48,18.20
0.53,18.88
0.54,20.15
0.54,20.38
0.55,21.11
0.56,21.91
0.58,22.47
0.58,22.84
0.59,25.18
0.57,27.11
0.56,27.38
0.55,27.61
0.55,27.45
0.55,27.10
0.55,27.09
0.56,27.15
0.58,26.80
0.59,26.71
0.62,24.40
0.62,19.90
0.64,19.35
0.66,18.83
0.68,17.99
0.71,17.03
0.73,16.28
0.76,15.49
0.77,15.81
0.79,15.97
0.78,27.56
0.68,42.53
0.56,55.38
0.52,60.36
0.48,65.26
0.43,71.02
0.44,70.09
0.44,70.01
0.43,70.76
0.43,71.59
0.46,66.49
0.53,56.45
0.60,44.02
0.63,37.85
0.67,30.94
0.68,20.53
0.68,20.08
0.66,20.12
0.64,20.21
0.62,20.79
0.60,21.27
0.59,23.45
0.59,24.08
0.60,23.73
0.60,23.38
0.60,23.40
0.60,23.40
0.60,22.98
0.60,22.77
0.59,21.89
0.57,24.27
0.55,26.84
0.50,33.63
0.50,35.75
0.50,36.05
0.50,36.13
0.49,36.18
0.49,36.17
0.49,36.19
0.49,36.56
0.51,34.50
0.55,29.27
0.60,18.81
0.62,14.91
0.65,14.18
0.70,13.66
0.75,13.57
0.76,13.88
0.76,13.55
0.76,13.50
0.78,13.23
0.81,12.52
0.80,12.47
0.75,12.77
0.71,12.93
0.68,13.03
0.66,13.10
0.67,17.02
0.61,27.04
0.49,34.89
0.42,36.77
0.40,35.80
0.40,35.37
0.39,33.76
0.38,32.64
0.38,32.14
0.39,31.60
0.40,30.47
0.44,28.37
0.51,25.07
0.57,21.86
0.56,21.46
0.52,25.44
0.51,29.08
0.46,31.94
0.42,37.55
0.37,43.58
0.34,48.30
0.32,48.59
0.31,49.20
0.30,49.63
0.30,51.17
0.31,51.19
0.31,50.88
0.33,51.81
0.35,48.89
0.39,42.31
0.45,31.41
0.52,23.92
0.56,15.28
0.57,14.35
0.57,13.61
0.56,12.74
0.54,14.02
0.51,17.14
0.49,17.82
0.50,17.52
0.51,17.19
0.51,16.94
0.52,16.77
0.53,16.73
0.56,16.70
0.60,16.82
0.65,14.82
0.73,12.03
0.79,11.94
0.82,12.53
0.83,12.86
0.84,12.43
0.83,10.88
0.83,10.92
0.82,12.12
0.81,12.51
0.79,12.49
0.74,12.45
0.69,12.38
0.65,12.27
0.64,12.27
0.63,12.29
0.63,12.26
0.61,12.10
0.59,11.39
0.57,11.17
0.56,11.30
0.56,11.48
0.57,11.59
0.59,11.56
0.60,11.76
0.60,11.77
0.60,11.60
0.60,11.38
0.60,11.15
0.61,10.85
0.61,10.50
0.61,10.14
0.62,9.80
0.63,9.68
0.63,9.35
0.63,9.24
0.66,10.80
0.66,12.75
0.65,13.59
0.62,14.33
0.62,14.36
0.62,14.32
0.63,14.23
0.64,14.11
0.64,13.98
0.64,13.82
0.70,13.10
0.83,11.63
0.91,10.60
0.92,8.17
0.92,8.12
0.92,8.13
0.91,8.02
0.93,8.64
0.91,8.70
0.90,8.55
0.89,8.59
0.87,8.67
0.86,8.69
0.85,8.64
0.86,8.38
0.89,8.01
0.91,7.81
0.93,6.96
0.94,6.92
0.96,6.96
0.97,6.92
0.97,6.74
0.96,6.45
0.93,6.03
0.94,6.55
0.94,6.78
0.93,6.81
0.92,6.78
0.91,6.73
0.90,6.73
0.88,7.51
0.85,8.66
0.85,8.77
0.85,9.70
0.83,10.76
0.82,13.64
0.81,13.86
0.81,13.87
0.82,13.86
0.81,13.85
0.82,13.45
0.82,12.64
0.88,20.18
0.71,26.46
0.63,26.36
0.61,25.05
0.60,24.12
0.60,24.22
0.60,24.32
0.60,24.37
0.60,24.39
0.60,24.33
0.66,21.82
0.88,15.18
0.81,9.03
0.81,9.05
0.81,8.94
0.81,8.86
0.81,8.78
0.81,8.72
0.81,8.67
0.79,8.63
0.79,8.43
0.82,7.73
0.84,6.39
0.83,5.92
0.83,5.96
0.85,5.94
0.86,5.98
0.88,6.08
0.90,6.62
0.92,6.91
0.92,6.93
0.93,6.77
0.94,6.79
0.94,7.19
0.93,7.56
0.93,7.55
0.92,7.86
0.90,8.01
0.92,7.65
0.93,7.43
0.93,7.45
0.92,7.50
0.92,7.52
0.92,7.28
0.92,6.96
0.92,7.18
0.90,6.80
0.86,6.55
0.86,7.09
0.85,7.61
0.84,9.23
0.84,9.55
0.84,9.89
0.85,10.20
0.85,10.60
0.89,11.02
0.93,11.53
0.92,11.95
0.89,11.84
0.82,12.15
0.77,12.25
0.74,12.08
0.71,12.25
0.68,12.50
0.66,12.76
0.64,13.06
0.64,13.82
0.56,16.46
0.50,17.01
0.49,17.11
0.47,17.14
0.45,15.41
0.43,15.44
0.42,15.75
0.41,17.46
0.38,18.21
0.37,18.89
0.44,22.83
0.48,18.59
0.44,16.46
0.45,15.41
0.46,15.35
0.47,15.25
0.48,15.08
0.49,13.32
0.26,31.89
0.25,31.78
0.25,31.66
0.26,30.37
0.28,27.94
0.28,26.61
0.28,26.28
0.29,25.64
0.30,25.12
0.30,26.05
0.32,26.23
0.32,26.10
0.33,25.90
0.32,26.13
0.32,26.54
0.32,26.74
0.31,27.01
0.30,27.60
0.29,28.32
0.55,14.83
0.50,15.52
0.48,15.92
0.47,15.56
0.46,15.75
0.46,16.71
0.45,18.26
0.45,19.52
0.41,22.89
0.41,23.06
0.45,19.05
0.47,16.53
0.47,14.42
0.46,13.30
0.45,12.35
0.45,11.75
0.44,11.07
0.44,10.64
0.44,10.70
0.44,10.84
0.46,11.83
0.49,13.13
0.54,14.62
0.57,16.13
0.60,18.19
0.50,20.84
0.51,21.03
0.51,20.75
0.57,19.12
0.68,17.19
0.63,15.87
0.57,14.89
0.54,13.95
0.56,13.09
0.56,12.44
0.56,12.04
0.57,11.82
0.59,11.71
0.35,22.54
0.28,23.25
0.25,23.53
0.25,23.88
0.24,24.09
0.24,24.64
0.24,25.34
0.24,25.51
0.24,25.59
0.24,25.69
0.24,26.45
0.26,31.21
0.26,33.24
0.26,31.77
0.26,32.01
0.26,34.48
0.25,39.91
0.25,43.21
0.25,42.25
0.25,40.72
0.24,40.19
0.24,40.25
0.24,41.09
0.24,42.08
0.24,40.81
0.24,39.43
0.24,38.39
0.24,35.97
0.24,35.11
0.24,35.60
0.24,34.87
0.24,33.92
0.24,33.26
0.24,33.53
0.24,34.44
0.24,35.31
0.24,32.43
0.24,30.86
0.24,31.85
0.25,30.03
0.28,29.19
0.36,27.75
0.57,12.70
0.59,11.87
0.62,10.00
0.62,9.25
0.64,9.37
0.68,9.92
0.77,11.60
0.76,11.21
0.77,10.73
0.78,11.10
0.76,10.79
0.79,10.41
0.79,9.82
0.79,9.64
0.80,9.42
0.79,9.10
0.78,8.78
0.76,8.28
0.75,8.06
0.75,8.08
0.75,8.10
0.75,8.12
0.75,8.11
0.75,8.07
0.74,8.05
0.75,8.09
0.75,8.16
0.76,8.42
0.77,8.71
0.77,8.78
0.78,8.92
0.80,9.08
0.84,9.61
0.86,9.92
0.88,10.10
0.89,10.09
0.89,10.09
0.86,10.04
0.84,9.99
0.84,10.11
0.84,9.87
0.84,9.77
0.85,9.36
0.85,9.50
0.85,8.80
0.86,8.81
0.67,19.49
0.63,21.43
0.56,27.39
0.45,32.20
0.36,36.05
0.33,37.30
0.33,37.64
0.32,38.05
0.31,38.62
0.30,39.25
0.29,32.80
0.29,25.36
0.37,22.29
0.53,17.72
0.84,10.43
0.93,12.54
0.52,25.47
0.48,26.17
0.49,25.74
0.51,25.66
0.52,25.90
0.54,25.96
0.53,25.61
0.46,25.68
0.42,25.81
0.40,25.71
0.44,23.57
0.46,22.92
0.45,23.17
0.44,23.19
0.43,22.98
0.42,22.94
0.42,23.11
0.48,21.97
0.67,19.24
0.87,7.99
0.86,7.86
0.84,7.74
0.82,7.65
0.82,7.54
0.82,7.46
0.82,7.60
0.84,7.86
0.89,8.00
0.92,8.11
0.89,10.36
0.76,12.20
0.69,12.74
0.65,13.19
0.60,13.71
0.57,14.08
0.58,13.82
0.52,27.85
0.37,34.12
0.35,34.02
0.36,32.78
0.36,31.26
0.35,31.03
0.37,30.54
0.39,29.64
0.41,32.17
0.41,38.42
0.41,39.41
0.48,40.91
0.51,42.00
0.52,41.81
0.51,42.16
0.47,41.91
0.47,41.72
0.48,43.10
0.61,36.73
0.86,12.69
0.86,8.27
0.75,9.83
0.64,10.46
0.58,12.97
0.55,13.10
0.55,14.00
0.55,15.77
0.55,16.70
0.55,17.05
0.53,17.49
0.53,17.55
0.60,17.55
0.64,17.27
0.78,12.95
0.78,12.04
0.80,12.26
0.82,12.20
0.83,11.04
0.81,10.16
0.83,10.02
0.84,9.88
0.85,8.93
0.86,8.90
0.86,9.01
0.87,9.00
0.88,9.02
0.88,9.05
0.87,9.26
0.88,9.25
0.88,9.26
0.89,9.18
0.89,9.09
0.89,8.97
0.90,8.49
0.90,7.97
0.90,7.44
0.91,6.70
0.91,6.11
0.91,6.08
0.92,6.07
0.92,6.86
0.91,7.40
0.90,7.95
0.89,8.30
0.89,8.27
0.89,8.23
0.90,7.78
0.90,7.29
0.90,6.76
0.90,6.29
0.89,5.58
0.88,5.03
0.86,4.54
0.85,4.18
0.83,3.93
0.82,3.75
0.87,4.42
0.87,4.51
0.87,4.61
0.87,4.74
0.86,4.83
0.87,4.92
0.87,4.97
0.88,5.02
0.88,5.05
0.88,5.05
0.87,4.32
0.87,4.28
0.87,4.24
0.86,4.17
0.85,4.20
0.84,4.28
0.86,5.97
0.83,8.30
0.72,11.37
0.69,11.91
0.68,12.25
0.66,12.61
0.65,12.96
0.63,13.32
0.62,13.60
0.61,13.82
0.66,12.47
0.77,10.74
0.87,5.95
0.89,5.39
0.91,5.63
0.92,6.06
0.92,6.23
0.91,6.60
0.89,6.71
0.86,6.80
0.86,6.93
0.87,7.22
0.87,7.35
0.88,7.32
0.90,7.36
0.92,7.21
0.93,7.22
0.94,6.88
0.94,6.87
0.93,6.83
0.93,6.78
0.90,6.49
0.89,6.46
0.89,6.46
0.89,6.37
0.88,6.24
0.87,6.19
0.87,6.19
0.87,6.14
0.87,6.09
0.87,5.95
0.87,5.73
0.86,5.51
0.85,5.32
0.83,5.05
0.80,4.78
0.80,4.50
0.80,4.41
0.80,4.33
0.80,4.26
0.81,4.25
0.82,4.26
0.83,4.27
0.83,4.23
0.83,4.20
0.84,4.47
0.84,4.62
0.84,4.77
0.85,5.06
0.86,5.23
0.86,5.23
0.85,5.24
0.86,5.23
0.87,5.26
0.86,5.31
0.84,5.11
0.84,4.99
0.83,4.88
0.81,4.62
0.81,4.44
0.82,4.53
0.84,4.83
0.87,5.04
0.88,5.17
0.88,5.28
0.89,5.42
0.89,5.60
0.88,5.81
0.87,6.11
0.87,6.55
0.87,6.66
0.88,6.66
0.89,6.65
0.90,6.61
0.90,6.54
0.90,6.46
0.90,6.36
0.89,6.05
0.89,5.58
0.88,5.09
0.88,5.05
0.88,5.10
0.88,5.14
0.88,5.16
0.88,5.11
0.87,5.00
0.87,4.95
0.86,4.91
0.85,4.87
0.85,4.85
0.85,4.86
0.85,4.82
0.85,4.79
0.86,4.82
0.87,4.83
0.88,4.88
0.88,4.83
0.91,6.39
0.93,7.42
0.94,7.71
0.94,8.57
0.94,8.72
0.94,8.91
0.93,9.05
0.92,9.13
0.91,9.24
0.90,9.40
0.91,8.62
0.92,7.88
0.91,7.77
0.88,8.20
0.81,10.88
0.81,10.97
0.83,10.80
0.83,10.65
0.84,10.52
0.84,10.39
0.84,10.27
0.84,10.30
0.83,10.18
0.84,9.59
0.85,6.52
0.85,5.79
0.87,5.77
0.88,5.75
0.90,5.75
0.91,5.79
0.91,5.78
0.92,5.86
0.92,6.15
0.92,6.42
0.91,6.50
0.91,6.49
0.90,6.50
0.90,6.54
0.88,6.76
0.87,6.93
0.86,7.07
0.85,7.05
0.85,6.96
0.86,6.83
0.85,6.73
0.85,6.67
0.85,6.63
0.85,6.57
0.86,6.51
0.86,6.55
0.86,6.72
0.85,6.93
0.85,7.11
0.84,7.26
0.83,7.43
0.83,7.58
0.82,7.65
0.81,7.68
0.80,7.66
0.80,7.63
0.80,7.63
0.81,7.67
0.81,7.71
0.81,7.78
0.81,7.78
0.80,7.76
0.80,7.76
0.79,7.77
0.79,7.75
0.78,7.75
0.78,7.78
0.78,7.73
0.78,7.73
0.78,7.73
0.79,7.84
0.80,7.97
0.81,8.10
0.81,8.22
0.81,8.29
0.80,8.32
0.77,8.23
0.75,8.22
0.75,8.18
0.75,8.14
0.76,8.18
0.77,8.21
0.77,8.16
0.77,8.13
0.76,8.13
0.77,8.15
0.77,8.13
0.77,8.10
0.77,8.09
0.79,8.20
0.80,8.25
0.81,8.27
0.81,8.28
