# Scene precison and perplexity along time
0.42,20.92
0.49,17.68
0.55,15.61
0.57,14.29
0.59,12.24
0.60,11.40
0.60,11.37
0.61,11.70
0.62,12.05
0.62,12.39
0.62,12.39
0.61,13.81
0.54,14.66
0.53,15.41
0.47,17.35
0.42,18.76
0.39,18.00
0.36,17.77
0.35,17.98
0.34,18.26
0.34,18.53
0.40,18.57
0.41,18.65
0.39,18.65
0.39,18.92
0.40,20.08
0.34,22.37
0.29,19.62
0.28,19.40
0.28,19.25
0.26,19.14
0.35,22.05
0.49,21.00
0.52,20.24
0.53,20.18
0.55,19.82
0.57,18.76
0.58,18.00
0.59,18.41
0.59,18.82
0.57,19.10
0.54,20.53
0.42,21.73
0.31,16.96
0.30,16.96
0.29,17.15
0.27,17.65
0.28,18.49
0.31,19.81
0.31,24.18
0.32,23.84
0.33,22.29
0.32,21.20
0.32,19.90
0.34,19.95
0.34,20.70
0.35,21.81
0.34,22.34
0.33,22.85
0.35,23.40
0.45,24.72
0.45,21.82
0.44,21.93
0.44,21.74
0.44,21.00
0.44,20.71
0.44,20.52
0.46,20.64
0.47,20.74
0.47,20.76
0.48,21.13
0.50,22.06
0.51,21.74
0.51,22.21
0.47,23.73
0.45,24.04
0.44,25.59
0.44,24.19
0.36,20.21
0.37,19.77
0.38,19.76
0.39,19.84
0.40,19.97
0.42,19.95
0.45,19.43
0.51,18.66
0.60,13.86
0.59,13.46
0.60,14.35
0.77,12.69
0.92,10.32
0.94,10.48
0.92,11.80
0.88,12.80
0.84,12.73
0.82,12.59
0.84,11.76
0.89,9.99
0.90,7.89
0.89,6.98
0.89,6.54
0.88,6.07
0.87,5.54
0.87,5.10
0.86,4.87
0.85,4.70
0.85,4.63
0.85,4.64
0.86,4.67
0.86,4.64
0.86,4.65
0.86,4.66
0.86,4.67
0.87,4.76
0.89,4.93
0.91,5.11
0.91,5.10
0.92,5.14
0.93,5.23
0.93,5.23
0.93,5.20
0.93,5.17
0.93,5.26
0.93,5.23
0.93,5.09
0.92,5.01
0.92,4.98
0.92,4.98
0.92,5.01
0.92,6.76
0.89,8.79
0.81,11.36
0.65,15.06
0.61,15.93
0.59,16.28
0.56,17.01
0.51,18.09
0.48,18.99
0.45,19.95
0.47,21.47
0.51,23.24
0.59,22.37
0.81,13.25
0.79,13.52
0.81,12.82
0.77,19.20
0.70,22.51
0.70,22.41
0.70,22.32
0.76,21.39
0.84,18.58
0.87,16.89
0.88,16.59
0.89,16.68
0.85,18.09
0.85,15.75
0.72,16.47
0.63,18.00
0.55,19.05
0.45,24.26
0.36,29.22
0.31,32.84
0.28,35.02
0.26,36.54
0.25,38.00
0.24,39.12
0.24,40.31
0.24,41.06
0.24,39.82
0.24,38.66
0.25,37.26
0.25,37.46
0.25,37.68
0.26,37.93
0.26,36.65
0.26,34.89
0.25,31.84
0.25,28.82
0.24,29.72
0.24,30.28
0.23,30.79
0.24,28.14
0.25,24.54
0.26,20.33
0.27,19.88
0.28,19.91
0.29,20.18
0.31,19.41
0.35,19.29
0.38,21.57
0.40,22.34
0.40,22.72
0.41,23.28
0.41,23.97
0.37,24.79
0.36,25.67
0.35,26.60
0.35,27.10
0.33,24.93
0.35,21.64
0.33,21.45
0.33,21.38
0.33,21.29
0.33,21.39
0.32,21.45
0.32,21.63
0.33,21.69
0.37,22.13
0.58,18.16
0.66,12.74
0.72,11.77
0.78,10.93
0.81,10.79
0.84,9.85
0.86,8.86
0.88,8.72
0.88,8.53
0.92,9.17
0.93,9.88
0.90,10.43
0.80,11.55
0.64,14.63
0.62,15.66
0.57,16.56
0.55,17.05
0.56,16.86
0.56,16.79
0.56,16.55
0.51,16.45
0.49,16.52
0.47,16.48
0.49,16.34
0.52,16.25
0.60,15.83
0.70,14.87
0.76,14.00
0.80,12.90
0.87,11.61
0.95,8.77
0.96,7.86
0.93,8.95
0.92,9.71
0.92,10.07
0.92,10.63
0.90,11.45
0.89,12.27
0.86,13.52
0.64,20.10
0.42,22.02
0.37,22.03
0.34,21.03
0.34,21.71
0.33,23.33
0.33,23.91
0.34,23.89
0.35,25.35
0.37,30.98
0.39,32.36
0.42,33.82
0.42,34.00
0.41,34.33
0.43,34.25
0.44,32.61
0.41,31.00
0.38,31.27
0.33,30.48
0.28,27.94
0.30,29.58
0.30,30.58
0.32,30.04
0.34,29.43
0.34,29.33
0.37,28.09
0.41,26.74
0.45,25.48
0.49,25.26
0.51,24.85
0.51,23.98
0.53,22.82
0.56,22.48
0.57,22.04
0.59,21.54
0.59,22.75
0.59,23.74
0.58,23.48
0.58,22.92
0.59,22.21
0.60,21.67
0.60,21.54
0.61,21.42
0.64,21.01
0.66,20.57
0.67,19.02
0.66,16.98
0.68,16.64
0.71,16.42
0.73,16.08
0.77,15.27
0.82,14.16
0.87,13.11
0.87,13.37
0.87,13.71
0.81,22.33
0.65,33.46
0.51,41.33
0.46,44.12
0.42,47.73
0.37,51.40
0.38,50.65
0.38,50.07
0.38,50.15
0.38,50.55
0.42,47.51
0.50,41.44
0.60,33.82
0.64,29.83
0.69,24.62
0.72,17.58
0.72,17.30
0.69,17.88
0.66,18.57
0.63,19.13
0.60,20.07
0.58,23.71
0.57,25.60
0.59,26.33
0.59,27.02
0.59,27.81
0.58,28.33
0.59,28.04
0.58,27.85
0.58,27.25
0.59,29.01
0.63,29.16
0.63,33.07
0.63,33.75
0.63,33.74
0.64,33.75
0.63,34.05
0.63,34.14
0.63,34.17
0.60,35.47
0.58,36.47
0.55,34.56
0.54,26.44
0.56,21.73
0.59,20.21
0.63,19.05
0.68,18.63
0.67,20.15
0.65,20.79
0.65,20.86
0.67,20.24
0.70,19.33
0.67,20.29
0.62,21.92
0.57,23.38
0.53,24.38
0.51,24.84
0.53,28.34
0.54,31.78
0.49,33.14
0.44,33.43
0.42,32.21
0.42,31.75
0.41,30.14
0.40,29.54
0.40,29.46
0.39,29.49
0.40,28.68
0.43,26.89
0.48,24.23
0.54,20.94
0.54,20.51
0.48,24.80
0.47,28.14
0.41,31.48
0.36,37.66
0.32,44.23
0.29,49.48
0.27,49.93
0.26,50.73
0.26,51.35
0.25,52.76
0.27,52.75
0.28,52.52
0.29,53.48
0.32,50.37
0.37,43.40
0.44,32.31
0.48,26.91
0.49,20.37
0.48,20.66
0.46,22.05
0.43,23.34
0.40,26.50
0.38,30.47
0.36,31.88
0.37,31.59
0.38,30.99
0.38,30.74
0.38,30.65
0.40,30.27
0.43,29.43
0.47,28.38
0.53,24.92
0.60,20.21
0.68,18.12
0.75,16.94
0.81,15.31
0.86,12.66
0.86,10.27
0.85,10.36
0.83,11.69
0.83,12.03
0.83,11.62
0.82,11.05
0.82,10.59
0.81,10.19
0.81,10.13
0.81,10.17
0.81,10.13
0.81,9.78
0.81,8.83
0.80,8.45
0.79,8.50
0.78,8.79
0.77,9.10
0.77,9.26
0.78,9.26
0.79,9.18
0.80,9.00
0.80,8.79
0.81,8.60
0.82,8.36
0.83,8.08
0.83,7.83
0.84,7.60
0.84,7.53
0.84,7.32
0.85,7.18
0.84,8.71
0.80,11.15
0.76,12.42
0.70,13.69
0.69,14.13
0.67,14.53
0.64,14.92
0.63,15.10
0.62,15.12
0.62,14.69
0.67,13.53
0.81,11.72
0.90,10.56
0.95,8.42
0.96,8.33
0.96,8.29
0.96,8.13
0.92,10.69
0.91,10.88
0.90,10.80
0.89,10.86
0.87,11.06
0.83,11.46
0.79,12.33
0.79,12.26
0.81,12.03
0.83,11.83
0.91,9.23
0.92,9.00
0.92,9.08
0.92,9.04
0.93,8.85
0.92,8.30
0.92,7.00
0.93,7.46
0.93,7.62
0.94,7.55
0.94,7.41
0.95,7.23
0.95,7.06
0.95,7.37
0.93,8.17
0.93,8.19
0.94,8.73
0.95,9.51
0.93,12.49
0.90,13.35
0.90,13.36
0.90,13.35
0.90,13.33
0.91,12.87
0.91,11.79
0.88,19.87
0.65,26.94
0.57,26.82
0.53,25.15
0.51,24.57
0.51,24.60
0.51,24.62
0.51,24.64
0.51,24.68
0.51,24.74
0.54,23.33
0.81,16.13
0.87,8.77
0.87,8.81
0.87,8.69
0.87,8.60
0.87,8.52
0.87,8.46
0.87,8.40
0.86,8.30
0.87,7.99
0.91,6.98
0.94,5.41
0.94,5.05
0.94,5.14
0.95,5.38
0.95,5.66
0.95,5.98
0.96,6.80
0.95,7.37
0.95,7.50
0.95,7.53
0.94,7.68
0.93,8.19
0.92,8.58
0.92,8.55
0.90,8.86
0.88,9.06
0.90,8.74
0.91,8.48
0.92,8.46
0.92,8.44
0.92,8.40
0.94,8.07
0.95,7.66
0.95,7.81
0.95,7.17
0.95,6.41
0.95,7.08
0.94,7.66
0.94,8.82
0.94,9.21
0.93,9.79
0.92,10.37
0.91,11.10
0.90,12.11
0.90,13.17
0.86,14.03
0.81,14.55
0.73,15.31
0.75,12.93
0.64,14.29
0.59,14.89
0.57,15.08
0.55,15.28
0.53,15.72
0.51,17.43
0.48,20.96
0.44,21.21
0.43,21.26
0.42,21.28
0.40,20.98
0.39,21.29
0.38,21.70
0.38,22.57
0.36,22.98
0.35,23.80
0.42,25.45
0.39,20.46
0.31,20.34
0.31,19.89
0.32,19.80
0.32,19.71
0.34,19.28
0.32,19.73
0.41,23.00
0.41,22.44
0.41,22.38
0.41,22.24
0.42,22.43
0.41,22.71
0.42,22.82
0.43,22.57
0.44,22.24
0.43,21.73
0.47,22.64
0.48,22.61
0.48,22.52
0.48,22.57
0.47,22.63
0.47,22.58
0.46,22.40
0.45,22.28
0.44,22.19
0.54,15.58
0.50,15.92
0.47,16.21
0.46,16.07
0.45,16.34
0.45,17.41
0.47,19.38
0.47,21.42
0.38,27.13
0.38,27.27
0.47,20.34
0.47,16.79
0.46,14.68
0.46,13.72
0.45,12.95
0.45,12.49
0.44,12.12
0.43,11.92
0.43,11.97
0.44,12.06
0.45,12.73
0.48,13.77
0.51,15.57
0.53,18.28
0.49,22.64
0.41,28.56
0.41,28.83
0.41,28.49
0.46,25.90
0.55,21.53
0.56,18.13
0.54,16.07
0.54,14.44
0.54,13.42
0.54,12.65
0.54,12.24
0.54,12.10
0.55,12.06
0.55,18.70
0.42,19.22
0.39,18.46
0.39,18.42
0.39,18.32
0.39,18.44
0.40,18.52
0.40,18.43
0.40,18.35
0.40,18.26
0.41,18.54
0.48,19.26
0.50,19.64
0.47,19.46
0.47,19.57
0.46,21.20
0.45,24.60
0.44,26.57
0.43,26.13
0.43,25.33
0.43,25.03
0.42,25.41
0.42,26.04
0.42,26.51
0.42,25.85
0.42,25.09
0.42,24.71
0.42,23.61
0.42,23.13
0.41,23.42
0.41,23.09
0.41,22.50
0.41,22.11
0.41,22.24
0.41,22.71
0.41,23.32
0.41,21.39
0.41,20.07
0.41,20.95
0.42,20.79
0.42,21.50
0.39,23.34
0.33,19.56
0.33,18.91
0.30,18.18
0.30,17.73
0.32,17.49
0.37,17.23
0.52,16.83
0.53,16.00
0.56,14.88
0.66,13.93
0.72,12.58
0.77,11.43
0.78,10.48
0.80,10.02
0.81,9.62
0.80,9.22
0.79,8.93
0.76,8.63
0.75,8.48
0.75,8.52
0.74,8.61
0.74,8.68
0.74,8.68
0.73,8.67
0.73,8.67
0.73,8.72
0.73,8.76
0.75,8.91
0.77,9.03
0.78,9.03
0.81,9.04
0.83,9.08
0.86,9.85
0.86,10.57
0.89,10.60
0.91,10.36
0.91,10.18
0.89,10.02
0.86,9.84
0.85,9.85
0.84,9.68
0.84,9.61
0.85,9.38
0.81,10.64
0.80,10.42
0.81,10.42
0.71,19.39
0.66,20.98
0.57,25.46
0.44,29.19
0.35,31.91
0.33,32.69
0.32,32.83
0.31,32.84
0.31,32.82
0.31,32.84
0.28,33.89
0.28,28.22
0.37,24.42
0.54,19.01
0.86,11.24
0.90,13.51
0.47,24.95
0.45,24.81
0.45,24.79
0.46,24.67
0.47,24.59
0.47,24.60
0.47,24.35
0.44,23.34
0.43,22.54
0.43,22.01
0.44,21.16
0.45,20.90
0.45,20.93
0.44,20.89
0.44,20.82
0.43,20.78
0.43,20.83
0.46,21.10
0.57,20.66
0.94,7.97
0.94,7.62
0.94,7.24
0.93,6.93
0.93,6.82
0.93,6.76
0.93,6.91
0.93,7.42
0.94,8.15
0.91,8.74
0.88,10.87
0.73,13.67
0.65,14.61
0.61,15.22
0.56,15.93
0.52,16.46
0.54,16.10
0.60,24.91
0.46,27.78
0.44,27.23
0.44,27.07
0.42,26.49
0.42,26.22
0.42,26.21
0.44,26.10
0.46,30.02
0.46,37.30
0.46,39.09
0.49,43.46
0.48,46.31
0.48,46.11
0.47,46.38
0.45,40.74
0.45,40.51
0.46,41.27
0.61,34.91
0.89,11.10
0.90,7.08
0.88,9.34
0.77,11.35
0.65,15.41
0.61,15.77
0.62,15.45
0.65,15.52
0.68,15.65
0.69,15.56
0.68,15.86
0.68,15.96
0.75,16.33
0.80,16.06
0.81,13.05
0.80,12.32
0.81,12.61
0.84,11.76
0.86,9.71
0.85,8.65
0.86,8.56
0.87,8.47
0.89,7.67
0.90,7.62
0.91,7.70
0.92,7.76
0.94,8.18
0.93,8.44
0.92,8.77
0.93,8.91
0.92,8.99
0.92,9.03
0.92,8.99
0.92,8.87
0.93,8.49
0.93,8.06
0.94,7.60
0.94,7.12
0.93,6.80
0.92,6.92
0.91,7.02
0.92,7.61
0.91,8.00
0.90,8.38
0.89,8.58
0.90,8.44
0.91,8.23
0.93,7.61
0.94,6.89
0.95,6.12
0.95,5.50
0.95,4.73
0.95,4.19
0.94,3.72
0.93,3.41
0.93,3.21
0.92,3.06
0.93,3.56
0.93,3.64
0.93,3.75
0.94,3.96
0.94,4.18
0.94,4.39
0.94,4.59
0.94,4.75
0.94,4.83
0.94,4.85
0.93,4.42
0.93,4.37
0.93,4.28
0.94,4.08
0.94,3.94
0.94,3.84
0.93,5.25
0.86,7.21
0.81,10.09
0.80,10.72
0.80,11.10
0.79,11.53
0.78,11.97
0.78,12.46
0.77,12.88
0.76,13.24
0.76,12.60
0.81,11.05
0.93,6.26
0.94,5.73
0.93,6.31
0.92,6.97
0.89,7.35
0.87,7.75
0.84,7.95
0.82,8.06
0.82,8.14
0.83,8.39
0.84,8.42
0.86,8.36
0.88,8.34
0.90,8.19
0.92,8.14
0.93,7.84
0.94,7.66
0.95,7.47
0.95,7.40
0.95,6.85
0.95,6.71
0.95,6.67
0.95,6.58
0.95,6.46
0.95,6.29
0.95,6.28
0.95,6.24
0.95,6.19
0.95,6.03
0.94,5.77
0.94,5.51
0.94,5.15
0.93,4.63
0.92,4.12
0.92,3.81
0.92,3.72
0.92,3.64
0.92,3.57
0.93,3.66
0.93,3.79
0.93,3.90
0.93,3.88
0.93,3.83
0.94,3.99
0.94,4.13
0.95,4.28
0.95,4.50
0.95,4.62
0.95,4.54
0.95,4.44
0.94,4.34
0.94,4.34
0.94,4.39
0.94,4.23
0.94,4.13
0.93,4.02
0.93,3.83
0.93,3.72
0.93,3.76
0.93,3.95
0.93,4.11
0.94,4.24
0.94,4.38
0.93,4.55
0.93,4.74
0.92,4.99
0.91,5.33
0.90,5.76
0.90,5.86
0.92,5.85
0.93,5.84
0.94,5.84
0.94,5.79
0.95,5.74
0.96,5.68
0.96,5.57
0.96,5.40
0.95,5.12
0.95,5.09
0.95,5.14
0.95,5.15
0.95,5.07
0.95,5.02
0.95,4.88
0.95,4.78
0.95,4.63
0.95,4.47
0.95,4.41
0.95,4.42
0.95,4.37
0.95,4.37
0.95,4.53
0.95,4.72
0.95,4.87
0.95,4.92
0.96,6.07
0.96,7.06
0.96,7.51
0.95,8.33
0.94,8.45
0.94,8.60
0.94,8.67
0.93,8.68
0.92,8.77
0.91,8.90
0.92,8.11
0.93,7.28
0.93,7.01
0.92,7.36
0.87,10.30
0.87,10.64
0.88,10.61
0.88,10.56
0.88,10.53
0.88,10.49
0.88,10.46
0.88,10.45
0.87,10.33
0.89,9.44
0.94,6.11
0.95,5.45
0.95,5.58
0.95,5.77
0.95,5.96
0.95,6.18
0.94,6.32
0.94,6.50
0.94,6.80
0.93,7.01
0.93,7.11
0.93,7.02
0.94,6.92
0.94,6.85
0.93,6.93
0.91,7.01
0.90,7.07
0.90,6.98
0.90,6.89
0.91,6.81
0.91,6.62
0.91,6.52
0.92,6.46
0.92,6.40
0.92,6.40
0.92,6.46
0.92,6.64
0.90,6.87
0.89,7.05
0.87,7.25
0.84,7.58
0.82,7.87
0.80,8.08
0.78,8.23
0.77,8.28
0.76,8.28
0.76,8.27
0.77,8.29
0.77,8.35
0.77,8.43
0.76,8.45
0.76,8.48
0.75,8.51
0.74,8.57
0.74,8.61
0.73,8.66
0.73,8.71
0.72,8.69
0.73,8.67
0.73,8.64
0.74,8.70
0.75,8.77
0.76,8.85
0.78,8.88
0.79,8.80
0.79,8.64
0.78,8.51
0.77,8.53
0.76,8.56
0.75,8.62
0.75,8.76
0.75,8.86
0.74,8.82
0.74,8.79
0.74,8.80
0.74,8.80
0.74,8.79
0.74,8.75
0.74,8.75
0.75,8.91
0.76,8.96
0.77,8.99
0.78,8.97
